0.510839
1.10295
1.70667
2.29878
2.89088
3.4946
4.09832
4.69043
5.29415
5.89787
6.50159
7.0937
7.6858
8.28952
8.89324
9.49696
10.1007
10.7044
11.2965
11.9002
12.4923
13.0961
13.6998
14.3035
14.8956
15.4993
16.0914
16.6951
17.2989
17.9026
18.5063
19.0984
19.6905
20.2942
20.898
21.5017
22.1054
22.6975
23.3012
23.9049
24.4971
25.1008
25.7045
26.2966
26.9003
27.504
28.0961
28.6999
29.292
29.8957
30.4878
31.0915
31.6952
32.299
32.8911
33.4948
34.0985
34.7022
35.2943
35.898
36.5018
37.1055
37.6976
38.3013
38.8934
39.4739
40.0776
40.6698
41.2735
41.8772
42.4809
43.0846
43.6883
44.2805
44.8842
45.4879
46.0916
46.6953
47.299
47.8912
48.4833
49.087
49.6907
50.2828
50.8865
51.4786
52.0824
52.6861
53.2898
53.8819
54.4856
55.0777
55.6814
56.2736
56.8773
57.481
58.0847
58.6768
59.2805
59.8727
60.4764
61.0801
61.6838
62.2875
62.8912
63.4834
64.0871
64.6792
65.2829
65.875
66.4903
67.0825
67.6746
68.2783
68.882
69.4857
70.0894
70.6815
71.2853
71.889
72.4927
73.0848
73.6885
74.2922
74.896
75.4881
76.0918
76.6955
77.2876
77.8797
78.4834
79.0872
79.6909
80.283
80.8867
81.4904
82.0941
82.6863
83.2784
83.8821
84.4974
85.1011
85.6932
86.2853
86.8775
87.4812
88.0849
88.6886
89.2923
89.8844
90.4882
91.0803
91.684
92.2761
92.8798
93.4835
94.0873
94.6794
95.2831
95.8752
96.4789
97.0826
97.6863
98.2785
98.8822
99.4743
100.078
100.682
101.285
101.878
102.481
103.085
103.689
104.281
104.885
105.488
106.08
106.684
107.288
107.88
108.484
109.087
109.691
110.283
110.898
111.491
112.094
112.686
113.29
113.882
114.486
115.09
115.693
116.297
116.901
117.505
118.097
118.7
119.304
119.908
120.5
121.092
121.696
122.299
122.892
123.495
124.099
124.703
125.295
125.899
126.502
127.094
127.698
128.302
128.894
129.498
130.101
130.705
131.297
131.901
132.493
133.097
133.701
134.304
134.896
135.5
136.104
136.707
137.3
137.903
138.507
139.099
139.703
140.307
140.91
141.502
142.095
142.698
143.302
143.894
144.498
145.102
145.694
146.297
146.901
147.505
148.097
148.701
149.293
149.896
150.5
151.104
151.696
152.3
152.903
153.507
154.099
154.691
155.295
155.887
156.491
157.083
157.698
158.29
158.883
159.486
160.102
160.682
161.286
161.878
162.493
163.085
163.689
164.281
164.885
165.489
166.092
166.684
167.288
167.88
168.484
169.088
169.691
170.284
170.887
171.479
172.083
172.675
173.279
173.883
174.498
175.09
175.694
176.286
176.89
177.482
178.074
178.678
179.293
179.897
180.5
181.092
181.696
182.288
182.88
183.484
184.088
184.68
185.284
185.887
186.491
187.083
187.699
188.291
188.894
189.486
190.09
190.682
191.298
191.901
192.493
193.086
193.689
194.281
194.885
195.489
196.093
196.685
197.288
197.88
198.484
199.088
199.692
200.295
200.899
201.491
202.083
202.687
203.291
203.883
204.487
205.079
205.694
206.286
206.89
207.482
208.074
208.678
209.281
209.874
210.477
211.081
211.685
212.277
212.881
213.484
214.076
214.68
215.284
215.876
216.48
217.083
217.687
218.279
218.883
219.487
220.09
220.682
221.275
221.878
222.482
223.086
223.689
224.282
224.885
225.489
226.093
226.685
227.289
227.881
228.484
229.088
229.692
230.296
230.899
231.503
232.107
232.699
233.291
233.895
234.498
235.102
235.694
236.298
236.902
237.494
238.086
238.69
239.293
239.897
240.501
241.093
241.697
242.231
242.753
243.264
243.786
244.32
244.854
245.33
245.818
246.294
246.77
247.258
247.745
248.233
248.721
249.208
