osu file format v14

[General]
AudioFilename: audio.mp3
AudioLeadIn: 0
PreviewTime: 77255
Countdown: 0
SampleSet: Soft
StackLeniency: 0.7
Mode: 0
LetterboxInBreaks: 0
WidescreenStoryboard: 1
StoryFireInFront: 0
SpecialStyle: 0
EpilepsyWarning: 0
UseSkinSprites: 0
EditorBookmarks: 0

[Editor]
Bookmarks: 
DistanceSpacing: 0.8
BeatDivisor: 8
GridSize: 32
TimelineZoom: 1

[Metadata]
Title:NULCTRL EX
TitleUnicode:NULCTRL EX
Artist:Silentroom
ArtistUnicode:Silentroom
Creator:-mint-
Version:HYPER
Source:
Tags:electronic,instrumental,bms,frenz2018,g2r2018,climax,null,control,dont,stop,to,the,club,go,silent,groundbreaking,rainbow,frontier,famoss,qqqant
BeatmapID:2390132
BeatmapSetID:1086666

[Difficulty]
HPDrainRate:7
CircleSize:4
OverallDifficulty:7
ApproachRate:5
SliderMultiplier:1.4
SliderTickRate:1

[Events]
//Background and Video events
//Break Periods
//Storyboard Layer 0 (Background)
//Storyboard Layer 1 (Fail)
//Storyboard Layer 2 (Pass)
//Storyboard Layer 3 (Foreground)
//Storyboard Sound Samples
//Background Colour Transformations

[TimingPoints]
0,600,4,2,0,100,1,0
455,600,4,2,1,70,1,0
38855,-100,4,2,1,70,0,1
46055,-100,4,2,1,70,0,0
48455,-100,4,2,1,70,0,1
55655,-100,4,2,1,70,0,0
60455,-100,4,2,1,70,0,1
65255,-100,4,2,1,70,0,0
77255,-100,4,2,1,70,0,1
84455,-100,4,2,1,70,0,0
86855,-100,4,2,1,70,0,1
94055,-100,4,2,1,70,0,0
98855,-100,4,2,1,70,0,1
103655,-100,4,2,1,70,0,0
120455,-100,4,2,1,50,0,0
134855,-100,4,2,1,70,0,0
192455,-100,4,2,1,70,0,1
199655,-100,4,2,1,70,0,0
202055,-100,4,2,1,70,0,1
209255,-100,4,2,1,70,0,0
212255,-100,4,2,1,70,0,1
218855,-100,4,2,1,70,0,0

[Colours]

[HitObjects]
448,192,455,5,0,0:0:0:100:bbx1_peer_mixed.wav
192,192,755,1,0
320,192,1055,1,0,0:0:0:100:bbx2_3+4.wav
64,192,1355,1,0
448,192,2855,5,0,0:0:0:100:bbx1_peer_mixed.wav
192,192,3155,1,0
320,192,3455,1,0,0:0:0:100:bbx2_3+4.wav
64,192,3755,1,0
448,192,5255,5,0,0:0:0:100:bbx1_peer_mixed.wav
192,192,5555,1,0
320,192,5855,1,0,0:0:0:100:bbx2_3+4.wav
64,192,6155,1,0
448,192,7655,5,0,0:0:0:100:bbx1_peer_mixed.wav
192,192,7955,1,0
320,192,8255,1,0,0:0:0:100:bbx2_3+4.wav
64,192,8555,1,0
448,192,8855,1,0,0:0:0:100:fillkit_001.ogg
320,192,9005,1,0,0:0:0:100:fillkit_001.ogg
64,192,9155,1,0,0:0:0:100:fillkit_001.ogg
192,192,9305,1,0,0:0:0:100:fillkit_001.ogg
448,192,9455,1,0,0:0:0:100:fillkit_001.ogg
64,192,9605,1,0,0:0:0:100:fillkit_001.ogg
320,192,9755,1,0,0:0:0:100:fillkit_001.ogg
192,192,9905,1,0,0:0:0:100:fillkit_001.ogg
256,192,10055,5,0,0:0:0:100:bbx1_peer_mixed.wav
192,192,10355,1,0
320,192,10655,1,0,0:0:0:100:bbx2_3+4.wav
64,192,10955,1,0
320,192,11255,1,0
192,192,11705,1,0
320,192,12155,1,0
448,192,12455,5,0,0:0:0:100:bbx1_peer_mixed.wav
192,192,12755,1,0
320,192,13055,1,0,0:0:0:100:bbx2_3+4.wav
64,192,13355,1,0
320,192,13655,1,0
192,192,14105,1,0
320,192,14555,1,0
64,192,14705,1,0
448,192,14855,5,0,0:0:0:100:bbx1_peer_mixed.wav
192,192,15155,1,0
320,192,15455,1,0,0:0:0:100:bbx2_3+4.wav
64,192,15755,1,0
320,192,16055,1,0
192,192,16505,1,0
320,192,16955,1,0
256,192,17255,1,0,0:0:0:100:bbx1_peer_mixed.wav
192,192,17555,1,0
320,192,17855,1,0,0:0:0:100:bbx2_3+4.wav
64,192,18155,1,0,0:0:0:100:fillkit_003.ogg
448,192,18455,1,0
64,192,18755,1,0
448,192,18905,1,0
64,192,19055,1,0
448,192,19205,1,0
64,192,19355,1,0
448,192,19505,1,0
128,192,19655,1,2,0:0:0:100:
320,192,20255,1,0
128,192,20555,1,2,0:0:0:100:
448,192,20855,1,0
64,192,21155,1,0
320,192,21455,1,0
192,192,21755,1,0
448,192,22055,1,0
448,192,22655,1,0
128,192,22955,1,2,0:0:0:100:
320,192,23255,1,0
192,192,23555,1,0
448,192,23855,1,0
64,192,24155,1,2,0:0:0:100:
192,192,24305,1,2,0:0:0:100:
384,192,24455,1,2,0:0:0:100:
192,192,25055,1,0
384,192,25355,1,2,0:0:0:100:
64,192,25655,1,0
448,192,25955,1,0
192,192,26255,1,0
320,192,26555,1,0
64,192,26855,1,0
64,192,27455,1,0
448,192,27755,1,0
192,192,28055,1,0
320,192,28355,1,0
64,192,28655,1,0
448,192,28955,1,2,0:0:0:100:
128,192,29255,1,2,0:0:0:100:
320,192,29555,1,0
128,192,29855,1,2,0:0:0:100:
64,192,30155,1,0
384,192,30455,1,2,0:0:0:100:
192,192,30755,1,0
384,192,31055,1,2,0:0:0:100:
448,192,31355,1,0
128,192,31655,1,2,0:0:0:100:
320,192,31955,1,0
128,192,32255,1,2,0:0:0:100:
64,192,32555,1,0
384,192,32855,1,2,0:0:0:100:
192,192,33155,1,0
384,192,33455,1,2,0:0:0:100:
448,192,33755,1,0
128,192,34055,1,2,0:0:0:100:
320,192,34355,1,0
448,192,34655,1,0
192,192,34955,1,0
320,192,35255,1,0
64,192,35555,1,0
192,192,35855,1,0
320,192,36155,1,0
192,192,37055,1,0
384,192,38255,1,0,0:0:0:100:fillkit_012.ogg
64,192,38555,1,2,0:0:0:100:
128,192,38855,1,2,0:0:0:100:
320,192,39155,1,0
256,192,39455,1,8,0:0:0:100:
448,192,39755,1,0
192,192,40055,1,2,0:0:0:100:
320,192,40205,1,0
320,192,40505,1,0
256,192,40655,1,8,0:0:0:100:
192,192,40955,1,0
384,192,41255,1,2,0:0:0:100:
192,192,41555,1,0
256,192,41855,1,8,0:0:0:100:
64,192,42155,1,0
320,192,42455,1,2,0:0:0:100:
192,192,42605,1,0
192,192,42905,1,0
256,192,43055,1,8,0:0:0:100:
320,192,43205,1,0
192,192,43355,1,0
448,192,43505,1,0
128,192,43655,1,2,0:0:0:100:
320,192,43955,1,0
256,192,44255,1,8,0:0:0:100:
448,192,44555,1,0
192,192,44855,1,2,0:0:0:100:
320,192,45005,1,0
320,192,45305,1,0
256,192,45455,1,8,0:0:0:100:
192,192,45605,1,0
320,192,45755,1,0
64,192,45905,1,0
384,192,46055,1,2,0:0:0:100:
384,192,46655,1,2,0:0:0:100:
384,192,47255,1,2,0:0:0:100:
64,192,47555,1,0
192,192,47855,1,0
320,192,48155,1,0
128,192,48455,1,2,0:0:0:100:
320,192,48755,1,0
64,192,49055,1,8,0:0:0:100:
448,192,49355,1,0
320,192,49805,1,0
320,192,50105,1,0
256,192,50255,1,8,0:0:0:100:
192,192,50555,1,0
384,192,50855,1,2,0:0:0:100:
192,192,51155,1,0
256,192,51455,1,8,0:0:0:100:
64,192,51755,1,0
320,192,52055,1,2,0:0:0:100:
192,192,52205,1,0
192,192,52505,1,0
256,192,52655,1,8,0:0:0:100:
320,192,52955,1,0
448,192,53105,1,0
64,192,53255,1,2,0:0:0:100:
320,192,53405,1,0
192,192,53555,1,0
320,192,53705,1,0
256,192,53855,1,8,0:0:0:100:
448,192,54155,1,0
192,192,54455,1,2,0:0:0:100:
320,192,54605,1,0
320,192,54905,1,0
256,192,55055,1,8,0:0:0:100:
192,192,55355,1,0
384,192,55655,1,2,0:0:0:100:
192,192,55955,1,0
256,192,56255,1,8,0:0:0:100:
320,192,56555,1,0
448,192,56855,1,0
64,192,57155,1,0
320,192,57455,1,8,0:0:0:100:
192,192,57755,1,0
64,192,58055,1,0
448,192,58355,1,0
64,192,58655,1,8,0:0:0:100:
448,192,58955,1,0
320,192,59405,1,0
320,192,59705,1,0
256,192,59855,1,8,0:0:0:100:
192,192,60005,1,0
320,192,60155,1,0
64,192,60305,1,0
384,192,60455,1,2,0:0:0:100:
192,192,60755,1,0
256,192,61055,1,8,0:0:0:100:
64,192,61355,1,0
320,192,61655,1,2,0:0:0:100:
192,192,61805,1,0
192,192,62105,1,0
256,192,62255,1,8,0:0:0:100:
320,192,62555,1,0
128,192,62855,1,2,0:0:0:100:
320,192,63155,1,0
256,192,63455,1,8,0:0:0:100:
448,192,63755,1,0
192,192,64055,1,2,0:0:0:100:
320,192,64205,1,0
320,192,64505,1,0
256,192,64655,1,8,0:0:0:100:
192,192,64805,1,0
320,192,64955,1,0
64,192,65105,1,0
384,192,65255,1,2,0:0:0:100:
192,192,65555,1,0
192,192,65855,1,8,0:0:0:100:
192,192,66155,1,0
384,192,66455,1,2,0:0:0:100:
64,192,66755,1,0
448,192,67055,1,8,0:0:0:100:
64,192,67355,1,0
448,192,67505,1,0
192,192,67655,1,2,0:0:0:100:
320,192,67955,1,0
448,192,68255,1,8,0:0:0:100:
192,192,68555,1,0
320,192,68855,1,0
64,192,69155,1,2,0:0:0:100:
448,192,69455,1,8,0:0:0:100:
192,192,69755,1,0
64,192,70055,1,2,0:0:0:100:
320,192,70355,1,0
448,192,70655,1,8,0:0:0:100:
192,192,70955,1,0
320,192,71255,1,0
64,192,71555,1,2,0:0:0:100:
448,192,71855,1,8,0:0:0:100:
192,192,72155,1,0
320,192,72455,1,2,0:0:0:100:
320,192,72755,1,0
64,192,73055,1,8,0:0:0:100:
64,192,73355,1,0
448,192,73655,1,0
448,192,73955,1,2,0:0:0:100:
192,192,74255,1,8,0:0:0:100:
192,192,74555,1,0
384,192,74855,1,2,0:0:0:100:
64,192,75155,1,0
320,192,75455,1,8,0:0:0:100:
64,192,75755,1,0
320,192,76055,1,0
192,192,76355,1,0
448,192,76505,1,0
64,192,76655,1,0
320,192,76805,1,0
192,192,76955,1,0
448,192,77105,1,0
128,192,77255,1,2,0:0:0:100:
320,192,77555,1,0
256,192,77855,1,8,0:0:0:100:
192,192,78005,1,0
448,192,78155,1,0
192,192,78455,1,2,0:0:0:100:
320,192,78605,1,0
320,192,78905,1,0
256,192,79055,1,8,0:0:0:100:
192,192,79355,1,0
384,192,79655,1,2,0:0:0:100:
192,192,79955,1,0
256,192,80255,1,8,0:0:0:100:
320,192,80405,1,0
64,192,80555,1,0
320,192,80855,1,2,0:0:0:100:
192,192,81005,1,0
192,192,81305,1,0
256,192,81455,1,8,0:0:0:100:
320,192,81605,1,0
192,192,81755,1,0
448,192,81905,1,0
128,192,82055,1,2,0:0:0:100:
320,192,82355,1,0
256,192,82655,1,8,0:0:0:100:
192,192,82805,1,0
448,192,82955,1,0
192,192,83255,1,2,0:0:0:100:
320,192,83405,1,0
320,192,83705,1,0
256,192,83855,1,8,0:0:0:100:
192,192,84005,1,0
320,192,84155,1,0
64,192,84305,1,0
384,192,84455,1,2,0:0:0:100:
384,192,85055,1,2,0:0:0:100:
384,192,85655,1,2,0:0:0:100:
64,192,85955,1,0
192,192,86255,1,8,0:0:0:100:
320,192,86555,1,0
128,192,86855,1,2,0:0:0:100:
320,192,87155,1,0
64,192,87455,1,8,0:0:0:100:
448,192,87755,1,0
320,192,88205,1,0
192,192,88355,1,0
320,192,88505,1,0
256,192,88655,1,8,0:0:0:100:
192,192,88955,1,0
384,192,89255,1,2,0:0:0:100:
192,192,89555,1,0
256,192,89855,1,8,0:0:0:100:
64,192,90155,1,0
320,192,90455,1,2,0:0:0:100:
192,192,90605,1,0
192,192,90905,1,0
256,192,91055,1,8,0:0:0:100:
320,192,91355,1,0
128,192,91655,1,2,0:0:0:100:
256,192,92255,1,8,0:0:0:100:
192,192,92405,1,0
448,192,92555,1,0
192,192,92855,1,2,0:0:0:100:
320,192,93005,1,0
320,192,93305,1,0
256,192,93455,1,8,0:0:0:100:
192,192,93755,1,0
384,192,94055,1,2,0:0:0:100:
192,192,94355,1,0
256,192,94655,1,8,0:0:0:100:
320,192,94955,1,0
448,192,95255,1,0
64,192,95555,1,0
320,192,95855,1,8,0:0:0:100:
192,192,96155,1,0
64,192,96455,1,0
448,192,96755,1,0
64,192,97055,1,8,0:0:0:100:
448,192,97355,1,0
320,192,97805,1,0
320,192,98105,1,0
256,192,98255,1,8,0:0:0:100:
192,192,98405,1,0
320,192,98555,1,0
64,192,98705,1,0
384,192,98855,1,2,0:0:0:100:
192,192,99155,1,0
256,192,99455,1,8,0:0:0:100:
64,192,99755,1,0
320,192,100055,1,2,0:0:0:100:
192,192,100205,1,0
192,192,100505,1,0
256,192,100655,1,8,0:0:0:100:
192,192,100955,1,0
384,192,101255,1,2,0:0:0:100:
192,192,101555,1,0
256,192,101855,1,8,0:0:0:100:
448,192,102155,1,0
192,192,102455,1,2,0:0:0:100:
320,192,102605,1,0
320,192,102905,1,0
256,192,103055,1,8,0:0:0:100:
192,192,103205,1,0
320,192,103355,1,0
64,192,103505,1,0
384,192,103655,1,2,0:0:0:100:
192,192,103955,1,0
192,192,104255,1,8,0:0:0:100:
192,192,104555,1,0
384,192,104855,1,2,0:0:0:100:
64,192,105155,1,0
448,192,105455,1,8,0:0:0:100:
64,192,105755,1,0
448,192,105905,1,0
192,192,106055,1,2,0:0:0:100:
320,192,106355,1,0
448,192,106655,1,8,0:0:0:100:
192,192,106955,1,0
320,192,107255,1,0
64,192,107555,1,2,0:0:0:100:
448,192,107855,1,8,0:0:0:100:
192,192,108155,1,0
64,192,108455,1,2,0:0:0:100:
320,192,108755,1,0
448,192,109055,1,8,0:0:0:100:
192,192,109355,1,0
320,192,109655,1,0
64,192,109955,1,2,0:0:0:100:
448,192,110255,1,8,0:0:0:100:
192,192,110555,1,0
320,192,110855,1,2,0:0:0:100:
320,192,111155,1,0
64,192,111455,1,8,0:0:0:100:
64,192,111755,1,0
448,192,112055,1,0
448,192,112355,1,2,0:0:0:100:
192,192,112655,1,8,0:0:0:100:
192,192,112955,1,0
384,192,113255,1,2,0:0:0:100:
64,192,113555,1,0
320,192,113855,1,8,0:0:0:100:
64,192,114155,1,0
320,192,114455,1,0
192,192,114755,1,0
448,192,114905,1,0
64,192,115055,1,0
320,192,115205,1,0
192,192,115355,1,0
64,192,115505,1,0
448,192,115655,1,0,0:0:0:100:bbx1_peer_mixed.wav
192,192,115955,1,0
320,192,116255,1,0,0:0:0:100:bbx2_3+4.wav
64,192,116555,1,0
448,192,118055,1,0,0:0:0:100:bbx1_peer_mixed.wav
192,192,118355,1,0
320,192,118655,1,0,0:0:0:100:bbx2_3+4.wav
64,192,118955,1,0
448,192,120755,1,0
448,192,121355,1,0
448,192,121955,1,0
448,192,122555,1,0
320,192,123155,1,0
192,192,123305,1,0
320,192,123755,1,0
192,192,123905,1,0
320,192,124355,1,0
64,192,124505,1,0
320,192,124955,1,0
64,192,125105,1,0
192,192,125555,1,0
448,192,125705,1,0
192,192,126155,1,0
448,192,126305,1,0
192,192,126755,1,0
320,192,126905,1,0
192,192,127355,1,0
320,192,127505,1,0
64,192,127955,1,0
320,192,128105,1,0
64,192,128555,1,0
320,192,128705,1,0
64,192,129155,1,0
448,192,129305,1,0
64,192,129755,1,0
448,192,129905,1,0
320,192,130355,1,0
192,192,130505,1,0
320,192,130955,1,0
192,192,131105,1,0
320,192,131555,1,0
64,192,131705,1,0
320,192,132155,1,0
64,192,132305,1,0
192,192,132755,1,0
448,192,132905,1,0
192,192,133355,1,0
448,192,133505,1,0
192,192,133955,5,0
320,192,134105,1,0
192,192,134555,1,0
320,192,134705,1,0
256,192,134855,5,0,0:0:0:100:bbx1_peer_mixed.wav
192,192,135155,1,0
320,192,135455,1,0,0:0:0:100:bbx2_3+4.wav
64,192,135755,1,0
64,192,136355,1,0
64,192,136955,1,0
448,192,137255,1,0,0:0:0:100:bbx1_peer_mixed.wav
192,192,137555,1,0
320,192,137855,1,0,0:0:0:100:bbx2_3+4.wav
64,192,138155,1,0
64,192,138755,1,0
64,192,139355,1,0
448,192,139655,1,0,0:0:0:100:bbx1_peer_mixed.wav
192,192,139955,1,0
320,192,140255,1,0,0:0:0:100:bbx2_3+4.wav
64,192,140555,1,0
64,192,141155,1,0
64,192,141755,1,0
448,192,142055,1,0,0:0:0:100:bbx1_peer_mixed.wav
192,192,142355,1,0
320,192,142655,1,0,0:0:0:100:bbx2_3+4.wav
64,192,142955,1,0,0:0:0:100:fillkit_001.ogg
448,192,143255,1,0,0:0:0:100:fillkit_001.ogg
320,192,143405,1,0,0:0:0:100:fillkit_001.ogg
192,192,143555,1,0,0:0:0:100:fillkit_001.ogg
64,192,143705,1,0,0:0:0:100:fillkit_001.ogg
448,192,143855,1,0,0:0:0:70:fillkit_001.ogg
64,192,144155,1,2,0:0:0:100:
384,192,144455,1,2,0:0:0:100:
448,192,144755,1,0
128,192,145055,1,2,0:0:0:100:
64,192,145355,1,0
384,192,145655,1,2,0:0:0:100:
320,192,145955,1,0
128,192,146255,1,2,0:0:0:100:
192,192,146555,1,0
384,192,146855,1,2,0:0:0:100:
448,192,147155,1,0
128,192,147455,1,2,0:0:0:100:
64,192,147755,1,0
384,192,148055,1,2,0:0:0:100:
320,192,148355,1,0
128,192,148655,1,2,0:0:0:100:
192,192,148955,1,0
384,192,149255,1,2,0:0:0:100:
64,192,149555,1,0
448,192,149855,1,0
192,192,150155,1,0
320,192,150455,1,0
192,192,150755,1,0
448,192,151055,1,0
64,192,151355,1,0
448,192,151655,1,0
320,192,151955,1,0
192,192,152255,1,0
64,192,152555,1,0
320,192,152855,1,0
192,192,153155,1,0
64,192,153455,1,0
320,192,153755,1,0
128,192,154055,1,2,0:0:0:100:
64,192,154355,1,0
448,192,154655,1,10,0:0:0:100:
64,192,154805,1,0
320,192,154955,1,0
64,192,155255,1,0
384,192,155555,1,2,0:0:0:100:
64,192,155705,1,0
192,192,155855,1,8,0:0:0:100:
448,192,156005,1,0
64,192,156155,1,0
448,192,156305,1,0
128,192,156455,1,2,0:0:0:100:
320,192,156755,1,0
64,192,157055,1,8,0:0:0:100:
320,192,157205,1,0
128,192,157355,1,2,0:0:0:100:
320,192,157655,1,0
128,192,157955,1,2,0:0:0:100:
320,192,158105,1,0
448,192,158255,1,8,0:0:0:100:
64,192,158855,1,0
192,192,159155,1,0
448,192,159455,1,8,0:0:0:100:
192,192,159605,1,0
384,192,159755,1,2,0:0:0:100:
192,192,160055,1,0
384,192,160355,1,2,0:0:0:100:
192,192,160505,1,0
64,192,160655,1,8,0:0:0:100:
320,192,160805,1,0
192,192,160955,1,0
448,192,161105,1,0
128,192,161255,1,2,0:0:0:100:
320,192,161855,1,8,0:0:0:100:
320,192,162155,1,2,0:0:0:100:
192,192,162455,1,0
320,192,163055,1,0
192,192,163355,1,0
64,192,163655,1,0
320,192,163955,1,0
64,192,164255,1,8,0:0:0:100:
320,192,164405,1,0
128,192,164555,1,2,0:0:0:100:
320,192,164855,1,0
128,192,165155,1,2,0:0:0:100:
320,192,165305,1,0
448,192,165455,1,8,0:0:0:100:
64,192,165605,1,0
448,192,165755,1,0
64,192,165905,1,0
448,192,166055,1,0
192,192,166355,1,0
448,192,166655,1,8,0:0:0:100:
192,192,166805,1,0
384,192,166955,1,2,0:0:0:100:
192,192,167255,1,0
384,192,167555,1,2,0:0:0:100:
192,192,167705,1,0
64,192,167855,1,8,0:0:0:100:
320,192,168455,1,0
448,192,168755,1,0
64,192,169055,1,8,0:0:0:100:
448,192,169205,1,0
128,192,169355,1,2,0:0:0:100:
448,192,169655,1,0
128,192,169955,1,2,0:0:0:100:
448,192,170105,1,0
320,192,170255,1,8,0:0:0:100:
64,192,170405,1,0
192,192,170555,1,0
384,192,170855,1,2,0:0:0:100:
192,192,171155,1,0
256,192,171455,1,8,0:0:0:100:
320,192,171755,1,0
128,192,172055,1,2,0:0:0:100:
320,192,172355,1,0
192,192,172655,1,8,0:0:0:100:
448,192,172955,1,0
64,192,173255,1,2,0:0:0:100:
320,192,173555,1,0
256,192,173855,1,8,0:0:0:100:
192,192,174005,1,0
128,192,174755,1,2,0:0:0:100:
448,192,175055,1,8,0:0:0:100:
64,192,175205,1,0
320,192,175355,1,0
192,192,175505,1,0
384,192,175655,1,2,0:0:0:100:
64,192,175955,1,0
448,192,176255,1,8,0:0:0:100:
320,192,176555,1,0
192,192,176705,1,0
128,192,177155,1,2,0:0:0:100:
448,192,177455,1,0
192,192,177605,1,0
320,192,177905,1,0
64,192,178355,1,0
448,192,178655,1,8,0:0:0:100:
192,192,178955,1,0
384,192,179555,1,2,0:0:0:100:
64,192,179855,1,8,0:0:0:100:
320,192,180005,1,0
192,192,180155,1,0
448,192,180305,1,0
128,192,180455,1,2,0:0:0:100:
320,192,181055,1,8,0:0:0:100:
64,192,181355,1,0
192,192,181655,1,0
320,192,181955,1,0
64,192,182255,1,0
448,192,182555,1,0
64,192,182705,1,0
320,192,183155,1,0
448,192,183455,1,8,0:0:0:100:
192,192,183755,1,0
320,192,184055,1,0
64,192,184355,1,2,0:0:0:100:
448,192,184655,1,8,0:0:0:100:
192,192,184955,1,0
64,192,185255,1,2,0:0:0:100:
320,192,185555,1,0
448,192,185855,1,8,0:0:0:100:
192,192,186155,1,0
320,192,186455,1,0
64,192,186755,1,2,0:0:0:100:
448,192,187055,1,8,0:0:0:100:
64,192,187205,1,0
448,192,187355,1,0
192,192,187505,1,0
320,192,187655,1,2,0:0:0:100:
320,192,187955,1,0
64,192,188255,1,8,0:0:0:100:
64,192,188555,1,0
448,192,188855,1,0
448,192,189155,1,2,0:0:0:100:
192,192,189455,1,8,0:0:0:100:
192,192,189755,1,0
384,192,190055,1,2,0:0:0:100:
64,192,190355,1,0
320,192,190655,1,8,0:0:0:100:
64,192,190955,1,0
320,192,191255,1,0
192,192,191555,1,0
448,192,191705,1,0
64,192,191855,1,0
320,192,192005,1,0
192,192,192155,1,0
448,192,192305,1,0
128,192,192455,1,2,0:0:0:100:
320,192,192755,1,0
256,192,193055,1,2,0:0:0:100:
192,192,193355,1,0
384,192,193655,1,2,0:0:0:100:
192,192,193955,1,0
256,192,194255,1,2,0:0:0:100:
192,192,194555,1,0
384,192,194855,1,2,0:0:0:100:
192,192,195155,1,0
256,192,195455,1,2,0:0:0:100:
192,192,195755,1,0
384,192,196055,1,2,0:0:0:100:
192,192,196355,1,0
256,192,196655,1,2,0:0:0:100:
192,192,196805,1,0
320,192,196955,1,0
64,192,197105,1,0
384,192,197255,1,2,0:0:0:100:
192,192,197555,1,0
256,192,197855,1,2,0:0:0:100:
192,192,198155,1,0
384,192,198455,1,2,0:0:0:100:
192,192,198755,1,0
256,192,199055,1,2,0:0:0:100:
192,192,199205,1,0
320,192,199355,1,0
64,192,199505,1,0
384,192,199655,1,2,0:0:0:100:
192,192,200255,1,0
384,192,200855,1,2,0:0:0:100:
64,192,201155,1,0
192,192,201455,1,8,0:0:0:100:
320,192,201755,1,0
128,192,202055,1,2,0:0:0:100:
320,192,202355,1,0
256,192,202655,1,8,0:0:0:100:
320,192,202955,1,0
64,192,203255,1,0
320,192,203555,1,0
256,192,203855,1,2,0:0:0:100:
192,192,204155,1,0
384,192,204455,1,2,0:0:0:100:
192,192,204755,1,0
256,192,205055,1,2,0:0:0:100:
192,192,205355,1,0
384,192,205655,1,2,0:0:0:100:
192,192,205955,1,0
256,192,206255,1,2,0:0:0:100:
320,192,206405,1,0
192,192,206555,1,0
448,192,206705,1,0
128,192,206855,1,2,0:0:0:100:
256,192,207455,1,2,0:0:0:100:
192,192,207755,1,0
384,192,208055,1,2,0:0:0:100:
192,192,208355,1,0
256,192,208655,1,2,0:0:0:100:
192,192,208955,1,0
384,192,209255,1,2,0:0:0:100:
192,192,209555,1,0
256,192,209855,1,8,0:0:0:100:
320,192,210155,1,0
448,192,210455,1,0
64,192,210755,1,0
192,192,211055,1,8,0:0:0:100:
320,192,211355,1,0
128,192,211655,1,2,0:0:0:100:
320,192,211955,1,0
256,192,212255,1,2,0:0:0:100:
320,192,212555,1,0
128,192,212855,1,2,0:0:0:100:
320,192,213155,1,0
256,192,213455,1,2,0:0:0:100:
320,192,213755,1,0
128,192,214055,1,2,0:0:0:100:
320,192,214355,1,0
256,192,214655,1,2,0:0:0:100:
320,192,214955,1,0
128,192,215255,1,2,0:0:0:100:
320,192,215555,1,0
256,192,215855,1,2,0:0:0:100:
320,192,216155,1,0
128,192,216455,1,2,0:0:0:100:
320,192,216755,1,0
256,192,217055,1,2,0:0:0:100:
320,192,217355,1,0
128,192,217655,1,2,0:0:0:100:
320,192,217955,1,0
256,192,218255,1,2,0:0:0:100:
320,192,218405,1,0
192,192,218555,1,0
448,192,218705,1,0
128,192,218855,1,2,0:0:0:100:
320,192,219155,1,0
320,192,219455,1,2,0:0:0:100:
320,192,219755,1,0
128,192,220055,1,0
448,192,220355,1,0
64,192,220655,1,8,0:0:0:100:
448,192,220955,1,0
64,192,221105,1,0
320,192,221255,1,2,0:0:0:100:
192,192,221555,1,0
64,192,221855,1,8,0:0:0:100:
320,192,222155,1,0
192,192,222455,1,0
448,192,222755,1,2,0:0:0:100:
64,192,223055,1,8,0:0:0:100:
320,192,223355,1,0
448,192,223655,1,2,0:0:0:100:
192,192,223955,1,0
64,192,224255,1,8,0:0:0:100:
320,192,224555,1,0
192,192,224855,1,0
448,192,225155,1,2,0:0:0:100:
64,192,225455,1,8,0:0:0:100:
320,192,225755,1,0
192,192,226055,1,2,0:0:0:100:
192,192,226355,1,0
448,192,226655,1,8,0:0:0:100:
448,192,226955,1,0
64,192,227255,1,0
64,192,227555,1,2,0:0:0:100:
320,192,227855,1,8,0:0:0:100:
320,192,228155,1,0
128,192,228455,1,0
448,192,228755,1,0
192,192,229055,1,2,0:0:0:100:
448,192,229355,1,0
192,192,229655,1,0
320,192,229955,1,0
64,192,230105,1,0
448,192,230255,1,0
64,192,230555,1,0
448,192,230855,5,0,0:0:0:100:bbx1_peer_mixed.wav
192,192,231155,1,0
320,192,231455,1,0,0:0:0:100:bbx2_3+4.wav
64,192,231755,1,0
448,192,233255,5,0,0:0:0:100:bbx1_peer_mixed.wav
192,192,233555,1,0
320,192,233855,1,0,0:0:0:100:bbx2_3+4.wav
64,192,234155,1,0
448,192,235655,5,0,0:0:0:100:bbx1_peer_mixed.wav
192,192,235955,1,0
320,192,236255,1,0,0:0:0:100:bbx2_3+4.wav
64,192,236555,1,0
448,192,238055,5,0,0:0:0:100:bbx1_peer_mixed.wav
192,192,238355,1,0
320,192,238655,1,0,0:0:0:100:bbx2_3+4.wav
64,192,238955,1,0,0:0:0:100:fillkit_001.ogg
448,192,239255,1,0,0:0:0:100:fillkit_001.ogg
320,192,239405,1,0,0:0:0:100:fillkit_001.ogg
64,192,239555,1,0,0:0:0:100:fillkit_001.ogg
192,192,239705,1,0,0:0:0:100:fillkit_001.ogg
448,192,239855,1,0,0:0:0:100:fillkit_001.ogg
64,192,240005,1,0,0:0:0:100:fillkit_001.ogg
320,192,240155,1,0,0:0:0:100:fillkit_001.ogg
192,192,240305,1,0,0:0:0:100:fillkit_001.ogg
